8599	2720	5354	2024	7592	7879	6912	5123	4325	7159	7635	5934	1745	6310	3458	4201	3961	8304	6724	4096	3230	5789	1336	4134	2973	2221	4162	3575	8344	6298	4080	5051	
8094	8666	6770	7266	8213	7176	7464	6200	1960	3854	4317	3655	9587	2777	3569	1163	4171	8729	7285	9206	1235	9676	9576	4889	7873	5118	1374	8779	9319	3982	1839	1545	
5397	1704	1350	6338	8299	2930	9080	1478	3244	5230	7684	9771	4943	2179	1306	6827	5495	1120	3012	2741	4994	6223	7561	4206	2823	1025	3784	1604	6320	4195	5922	7367	
1775	9189	3264	3500	1869	2427	2627	7103	6710	6074	8131	3421	6816	9840	3495	3572	2665	4568	1371	1023	6344	3193	2848	4513	8300	1963	5557	5789	4826	4661	9451	1152	
6530	5285	4078	4900	1704	3021	9567	8673	4544	3398	6982	9978	3898	6732	9069	7890	2374	4006	4632	9977	9329	4208	2097	9999	8149	7159	3872	4587	6102	7856	4999	2616	
3601	4541	9923	4605	2519	7981	3774	2031	8199	9719	4722	3558	3538	4523	2312	7793	5008	5981	2190	9006	9136	5543	2239	4338	4812	4409	3925	9937	9123	9304	1849	1891	
9720	3496	8435	2724	8879	4119	7397	4149	9760	3168	4089	4028	1292	5088	3523	5173	8308	8361	2514	9579	9553	9505	6112	7304	3703	3278	3056	2404	2170	7064	3519	3077	
9674	8003	3107	2676	4483	6543	9200	2320	7709	2374	7401	6377	2915	9033	5572	5882	6471	8919	2006	7468	7490	5675	4854	1652	5064	4881	7478	3384	6602	6494	1683	8891	
2173	1225	2285	3498	8952	5369	6106	7386	5516	9356	8622	9817	8772	4376	8637	7821	4283	3546	8304	9692	8068	2074	3294	9314	6493	9343	6442	1665	7597	8620	6602	5176	
9652	4774	4648	7298	2410	3921	7009	6105	1023	5710	2954	8951	8314	5307	3843	4505	9765	3239	8436	4880	2029	2488	1507	8222	6600	4819	9176	1146	7471	3311	8176	7751	
2795	7455	2317	9039	6380	2818	7295	4303	6900	3161	4411	7384	5809	8636	7953	5178	2674	4177	3596	5164	3353	9378	7195	9012	1351	9562	8020	1247	5685	9060	1568	7478	
3942	3031	2162	5702	2834	4090	7177	7298	9485	3416	3084	1871	2143	7192	4085	5812	4324	5164	3070	9252	7355	3644	8992	3617	6932	8719	6459	9030	8779	9037	5928	9417	
5673	6251	4922	9491	5849	2467	1794	6925	6864	7080	3986	5842	9453	6691	3889	8947	2577	8869	8541	2091	6896	2378	4951	9127	1189	8766	5112	1985	6692	7343	4730	4090	
2112	5302	3033	3121	1061	1467	9824	4829	4928	8108	8759	1642	2778	6361	4106	1827	1435	2127	9958	2245	2651	2960	6252	1028	4364	2028	2328	2485	7604	6414	3107	6902	
7463	4764	6172	9789	9673	5004	8749	6900	3720	1856	4849	7862	5656	2638	6884	1913	4160	3175	2491	1328	2665	8306	5027	3643	7447	7532	1437	7085	2640	3509	7854	2658	
4618	6050	5549	5179	6489	2035	4454	6848	4254	2489	3948	4968	8979	2670	1171	2448	1346	9576	4994	3030	1150	3051	3175	2176	9137	5546	2445	8414	1260	2586	1073	5881	
5405	7395	9874	2910	5923	7732	6959	8691	6125	2514	4786	5133	2088	5837	6818	1812	9519	2503	6902	2915	7973	8241	2645	5631	6286	8267	1435	9580	8163	9784	1134	6647	
4388	4876	4711	7955	3080	9795	5995	4499	7600	1496	4673	3673	7586	2486	7222	7057	1930	7878	6636	6925	8154	2246	3241	9661	4017	4610	1932	8850	9474	4594	8746	7344	
7771	7680	8375	1102	9238	5188	2024	5867	6045	5486	6316	5319	3406	1575	9803	3691	2094	2116	5447	4414	8066	5952	9007	9180	4744	8324	3811	2277	9492	1054	9121	4224	
2967	6220	6245	3666	2745	9771	6920	2599	9279	7224	9336	4108	1056	8282	6133	4998	1257	2306	2763	7426	1032	2409	2435	3042	5734	5612	5756	1593	9486	4670	9055	8011	
2226	1627	9136	1196	1844	8540	1624	9524	9162	4819	8175	1043	6891	7236	1663	9902	3110	6287	7332	4798	3761	5406	9304	6106	6815	1855	5379	2273	5827	2207	2519	4006	
4681	9793	6481	9904	8988	7930	1108	8228	6874	4898	8591	9249	6147	8490	4935	7016	5736	2820	7511	7382	2121	6971	4827	9960	7039	9656	5997	5002	4280	4966	5590	2060	
2280	3963	7070	8425	9829	9675	8543	9749	9419	5482	3947	2674	4181	2734	4847	4231	5461	8471	2351	2270	6915	6028	8352	7168	4074	9987	1492	7952	5448	1029	7704	2768	
6316	3404	5298	7028	9937	7313	2142	9529	6361	1974	6088	8985	4173	6805	6947	6551	9920	6763	2424	8729	1540	8637	1907	1743	6908	3957	9655	3222	4800	1785	3361	2169	
9831	2168	2129	2260	4447	9074	4957	8814	4600	5691	2665	6780	3390	7315	5897	4116	8981	2989	1967	8732	5991	7738	5543	7439	3633	1673	2599	5505	4612	4822	5284	3720	
7694	4212	6120	2343	7641	1888	3648	4535	3676	1340	9282	2980	5861	8332	4243	2706	6760	1936	8646	8307	4161	4886	9337	4758	5541	1676	9554	9740	9246	3967	9383	1018	
1254	7139	2330	7351	8059	4240	4747	4873	3705	2797	9967	2440	8069	4707	7079	4606	3557	7561	6539	8425	5485	6735	8189	4343	9244	9633	6603	6405	5893	5722	2036	4332	
7177	8138	3987	5608	1034	2446	3409	2198	9955	8131	4645	3138	8483	7062	9543	4426	1296	9114	7954	5067	2712	4207	8167	7678	4922	3140	6862	4142	3283	6002	4960	7160	
4301	4580	1112	8535	2314	1174	1255	2916	2294	3681	1583	9583	5442	7752	4671	6756	1757	5626	5645	9468	4189	6364	4355	2719	1075	3026	8544	6267	8740	2386	7806	8788	
7476	7830	6187	9040	8358	5580	1289	8869	1334	8219	4601	7754	6191	8028	9501	5823	2384	8891	2234	2249	3569	2424	1708	8230	6459	9742	4227	1489	6046	9048	7692	3339	
3724	7771	2075	9607	3370	1740	6371	5351	5743	5222	1904	5360	2549	9479	9883	3407	6589	8057	6717	6726	8679	3368	8487	8520	9990	3925	9486	9628	4514	6054	9516	7345	
5327	6655	8689	6759	3003	3161	9065	4973	6661	3093	8966	5581	6969	3126	3486	4640	5152	6424	9176	6639	6220	2697	2272	1471	4665	3154	9770	1256	1526	9409	6691	7242	
