8528	7575	7779	8972	1754	4027	1106	9347	5646	5842	1286	1025	5739	7093	8839	6864	6190	1328	8895	4078	5410	3687	7879	3393	2312	8851	5028	1974	7722	4256	2151	2030	1665	3470	4450	4950	5526	3458	7069	7513	4613	4449	4657	3452	6182	4625	6972	8262	9350	4435	5323	2009	6914	5440	3902	4849	9899	3855	5124	8168	6261	6449	8247	5436	
1313	2553	4459	1982	5755	2355	8928	1736	1926	7936	2032	3090	2722	3603	8810	3344	4904	2035	6875	4148	6404	1702	8766	1059	6401	9118	8419	9911	1395	1466	7019	4721	4502	2148	2764	6216	7124	5042	5863	7002	5267	4860	1911	3742	5196	1393	7580	8948	5088	9261	3085	4946	1837	8451	8645	1852	6878	3435	8388	9086	3753	5393	2854	3321	
6714	9506	1600	3424	7157	8371	9838	6277	8897	5663	4930	7973	9111	6069	7872	3909	4562	2020	9220	2272	9312	6404	6933	7558	7591	3691	3243	6914	5523	8136	1699	8200	4027	1927	2907	1569	5907	3618	3025	5884	7404	2176	3734	5011	2448	1564	8672	9967	7738	4493	2757	5001	6994	4877	6547	3447	9790	3961	1452	8175	6908	8924	6999	2618	
8435	5968	3586	9648	3082	3706	7835	9084	5048	7953	2470	2795	5819	4146	3600	1271	5492	8499	7987	1498	2791	3098	8738	9201	1760	6825	7444	5232	2633	6305	7141	6652	7000	2432	2576	5736	2733	8905	7513	4735	4786	1022	2990	5682	4643	5388	5734	3007	2916	7986	5842	7567	3970	5695	9384	3458	1297	3432	4982	2234	8949	5107	6299	6808	
5125	3916	9697	1182	7497	5777	9503	1226	4532	7827	4323	1348	4164	1708	8621	9637	3862	8319	5630	8588	6775	1800	9663	8757	6142	2881	9670	6408	8341	8086	4947	1972	5709	2079	2793	6134	8745	5735	3857	4010	9643	3813	1664	2940	8763	3038	8944	3308	6822	9869	2860	7588	9219	8385	8340	7591	1145	6121	7945	3943	9916	4422	8962	3163	
4678	9637	3637	9155	1234	5664	3530	2402	5508	7616	9769	1431	2348	4192	1380	9464	8953	6113	8975	5092	9986	7342	5787	2994	5743	3235	8082	6203	2071	9591	8508	9329	4435	5451	5248	4811	5311	4030	6719	3230	8833	8838	5387	7105	8170	8941	8101	5397	6081	7382	1067	5495	7215	7666	5479	6068	5573	1524	8397	8528	8673	1509	8797	6826	
8752	8204	1566	5703	2973	8422	4028	9154	8103	7901	3680	7581	5705	9913	4766	1527	3507	9768	7556	2330	4582	2979	7662	9191	9629	7102	1758	2425	2575	5995	1528	1058	9120	5533	2484	2950	9591	6980	8789	5186	2843	8601	1286	8640	1086	5311	6108	2091	8492	1332	9551	9649	6668	9147	5242	6369	3221	7112	1586	3050	3644	2271	6723	3510	
8649	8577	4045	7458	3378	1140	4638	1067	9879	5205	7825	1638	4357	6933	3524	6203	6534	6109	7823	1351	8381	4135	6264	7733	4223	2331	3036	1969	3421	4235	9176	4345	3014	2204	8597	5232	9058	4385	6226	1359	4825	1669	5987	2594	8873	6653	5087	4813	6694	1296	7648	1985	1204	6180	1444	5343	2425	8110	6448	8256	3350	2556	5547	4694	
9011	4787	4352	3539	3258	5961	9670	9700	5259	6870	1674	7297	7231	1436	3284	2660	4537	9896	9895	5027	5798	4428	9097	1980	6413	1402	4034	5884	5634	7895	7482	2755	1460	4057	6011	9104	9590	9126	3726	8949	4427	5307	5873	8543	7746	8590	1214	3308	7745	6713	8399	8744	8646	1444	4780	2878	4777	3421	9239	2096	2261	5214	6063	6740	
6765	4627	4497	7163	6987	6838	4630	5662	9579	1753	5477	7743	9647	5599	1456	8073	4788	4568	3644	9245	8185	6640	1914	4275	3623	9394	2226	5825	5060	1838	9840	9579	1066	7716	2646	2783	3357	4971	6089	4411	4945	9091	5080	1854	6873	1019	3119	1839	3660	4152	5786	2590	9978	6571	9172	3134	9117	2582	2208	3931	7219	6171	7646	6373	
2103	3008	8711	8513	9327	6267	7996	7777	9288	4749	5296	6487	4053	4022	2839	5179	4679	8182	7926	9718	8542	6867	4401	1571	2150	9164	1379	8297	7541	6457	7648	5351	1672	7068	2519	9589	2605	8464	4755	7074	3036	3956	6529	1399	3918	3228	9259	3784	2055	8229	1131	2458	2401	9203	2331	7038	5213	2865	8753	5992	7462	8851	5417	6924	
2849	3771	8746	1470	5780	2863	4162	1924	7168	6308	9613	2178	9545	4073	4281	7722	6874	8330	1541	4814	8493	4318	9672	6035	3760	6080	5357	5692	9396	3535	7044	9608	2638	2762	1492	5473	1200	4020	6957	3146	8394	2511	4330	1348	4906	4520	9379	4949	4627	4863	9096	8501	4465	1194	9930	3990	3170	3701	4572	6760	8464	7080	5126	8927	
5260	7868	7026	2658	8532	3627	3687	3088	2717	2667	2427	5504	3724	3903	8174	4941	3485	7435	5881	4484	7415	2393	8717	6908	4799	8429	5833	7945	1472	9025	5539	6237	2045	2430	2887	6236	9997	9528	1077	7098	6533	2444	6109	6459	8347	7808	1053	8342	7614	9151	5203	4519	1659	7088	3455	4592	4339	4963	1584	3843	9896	2135	8142	2590	
6326	3402	4583	6700	7038	2046	7467	5964	8245	4661	4090	2880	5684	8913	6582	5325	4457	9017	2123	4513	7178	3140	4538	4694	8258	3331	2021	5105	8403	4735	1757	1463	6747	8487	9519	1469	4612	1379	7517	7907	9691	3658	9528	6236	7635	7820	5443	7964	4642	2261	9123	9375	1312	2207	4739	8522	3199	6562	7717	4584	9286	3667	5698	5523	
7344	4638	7273	8445	4082	2537	3462	2537	9674	7071	1642	9883	9459	5590	2153	4385	1100	3702	8049	3381	1272	1974	6422	9080	3816	2268	2162	2164	9533	1576	2250	4262	6162	7238	3836	3654	5805	7598	8044	9260	5846	8210	6085	5457	3232	8755	2844	5159	3581	6776	7313	8494	5703	7293	7047	7628	4856	6204	3899	7824	8050	8626	8865	1724	
1339	9752	8945	1636	8137	8612	6041	7863	3811	9612	3300	7409	8776	6559	8648	9882	5064	7360	6365	6687	7608	8607	2785	8011	9035	2166	3025	8097	1996	4077	2114	3337	1385	1666	2966	3276	8185	2176	7777	3326	9629	5675	9515	7848	1892	8318	4024	5118	5049	1361	6667	5267	1847	9778	7073	7799	6277	3214	9722	5515	2437	2709	7330	6841	
1510	3831	7181	5370	3761	3903	4530	3525	3080	7458	2134	7281	8322	3780	4097	7480	3396	5295	4046	5376	5762	2593	7331	7430	6514	3401	3025	8225	3177	4805	6629	4193	1207	2140	5493	8402	6062	4547	1606	3025	2328	2206	2410	7441	8190	2660	4303	7818	1797	1391	9554	7616	3434	5495	4915	1875	6375	1067	8554	3120	5973	2819	7327	2931	
8537	6100	5535	9295	6971	6505	2035	6836	7161	2698	1978	3236	1387	6180	2270	2386	5984	7861	2476	7151	4718	7722	1181	6178	4670	5823	7146	4075	4205	7113	9756	7693	3062	1492	4681	6670	4742	1445	2811	5732	8224	4315	9098	1373	8398	4830	5658	5051	6441	4331	1831	1570	3023	8876	8540	3176	3124	8033	7379	9056	7588	6629	5751	9538	
1444	7279	9150	4834	9168	7122	6866	5820	6655	9692	1222	1057	4947	8736	2118	9889	2740	4168	3327	5173	3932	9450	2333	9263	6661	4517	3532	6921	9991	2625	1486	9014	1213	4897	8314	6985	1383	6686	5246	4376	9707	5569	5731	8764	1196	7892	7327	5776	1621	8949	3048	1364	3919	7840	6228	1461	4709	8992	5846	5858	1993	3810	9563	5741	
4431	5151	4226	9268	3383	3292	8889	1940	8192	7751	9716	7681	3424	6815	3137	7524	5216	7120	4111	1538	9196	7066	1437	2228	4992	8606	3343	2464	4902	4565	4570	5324	3173	1780	4801	3634	4227	4727	8792	7260	8258	2145	7454	5693	2185	3901	6744	4034	1609	2517	9999	1836	6784	5764	4923	1226	9171	7394	4762	5799	8163	2884	9377	4949	
9970	3340	3411	6429	6032	6348	8015	7557	9518	5267	5571	7860	6011	9194	7215	1325	6428	7118	6701	7205	8526	4698	3724	9954	6024	2592	6763	3147	5516	3012	5106	5854	1364	6812	4188	8970	7633	6208	2714	7338	3630	2290	6553	6553	2603	2090	4963	3768	1942	5441	4043	2050	9747	3896	8498	5729	4428	6053	7430	1935	7604	3272	5746	7122	
1702	7704	9385	6252	1635	4717	6428	1830	3943	8274	6587	4089	4197	9521	5408	6033	7129	2802	1239	9359	3907	8954	5546	4849	2340	1684	1032	3824	8280	5110	3029	4109	1180	5347	4797	3240	7073	7928	6986	2559	3998	5869	5102	3256	2428	5483	2826	7916	8202	9756	7940	1119	9841	1499	4223	6568	7754	9937	8028	8897	9412	2569	7111	5795	
4057	7633	2540	2410	6392	9517	9016	8648	6789	9394	1645	2801	6316	5155	6261	8659	3157	5579	8543	6807	4650	6697	5598	9064	3084	2561	5335	4431	7330	7796	1467	1169	4299	1294	3003	5390	9107	6032	6426	9622	3026	2186	9748	6353	1914	1551	5860	5107	3127	4164	3186	5403	7873	8446	8268	9535	7564	6975	7243	6006	6545	5117	5775	9129	
1389	2623	1981	9631	5487	3029	2900	9115	9015	6171	8895	8764	3554	2513	3516	3217	1650	2602	2595	5407	5666	6623	5819	5328	4208	9576	6894	8545	8331	5182	8525	4369	2331	3328	9102	7529	7735	2048	4193	1197	3786	4056	7714	2773	4519	5543	8801	3232	2916	8354	9078	5806	6155	7777	3991	1967	9770	7887	6996	7702	7532	9157	3921	9348	
1361	6348	6082	1746	8728	2308	5502	8894	7893	5902	3978	5449	1318	2027	7095	1924	4159	6823	1661	5804	9949	6454	9894	7929	9280	9345	8503	4222	1817	4164	8105	4022	8307	3935	5214	5508	2310	7599	1447	5444	2702	4864	1826	1708	8970	3482	1545	9257	1568	4334	1630	6151	1735	9579	1210	2416	9748	1056	7549	1368	1214	8528	9711	1667	
2253	2806	3205	9356	6380	3939	2256	7874	4055	9547	9447	5553	2712	4016	1796	6947	6980	5681	4012	2577	1018	8036	4576	6370	8204	8067	8033	4382	7214	5869	5112	5975	8499	8500	9323	1149	9358	9678	2676	4069	6590	8402	7684	3989	4251	4505	3436	9318	3909	1455	5356	5246	3709	4020	3076	6290	9571	6132	4351	9293	4861	7343	2936	4023	
9233	3869	5949	7588	4681	5826	4736	7687	1454	8626	9749	9651	1792	8473	2101	7831	1209	9041	9160	4796	2985	3065	3722	7236	4908	5055	4140	9120	9648	7498	7915	1973	2387	1126	3006	4757	2673	3420	7528	4822	6538	7101	9806	6689	9314	3444	3579	3072	2747	5869	6358	8845	5277	7294	9757	6940	2685	4536	8971	4780	6155	3161	6829	9303	
2725	1202	2578	1587	8153	8064	1600	8900	5472	7250	6771	6432	9918	8757	2937	4071	4838	5815	9169	4453	2715	3014	9482	8558	5593	5172	8600	7973	3441	4946	7905	6464	1595	1246	2349	7179	9310	9258	6612	7863	5011	9754	9633	2671	9832	4042	1468	4959	9240	5602	9694	9586	1583	4583	2253	9070	7027	5782	7816	3766	9183	2192	8188	9308	
7617	5797	2396	5856	3235	4558	8247	1066	7007	1011	6819	6528	7723	3558	2712	3068	1932	3962	5656	6038	5118	6323	9762	8321	8833	6131	7541	5756	8856	6822	2194	6303	8443	9323	3154	7728	6797	3520	3502	6793	1904	9161	7606	2128	6379	5900	9777	2323	9421	1956	8587	6909	2540	8183	4845	1114	2582	6566	4245	6867	4481	5642	2182	2566	
7102	7845	2515	8517	7823	5068	4525	8625	4921	5375	2572	8330	2693	9113	2258	8822	7009	4587	3219	5541	8788	7152	6641	5301	3358	3516	6604	4190	2301	5838	3350	8683	2708	2583	2620	4771	6958	8109	2072	2652	7880	7729	1931	8844	3069	8625	6049	8555	5683	7819	5261	3400	5138	5240	1675	4110	6317	2552	2708	3114	1265	2687	3540	1356	
8706	7267	5183	5176	1437	1409	2922	4184	9192	2796	8775	4295	8670	6593	6688	8765	6343	3817	2084	3618	5171	8100	4303	8633	3679	1902	5939	3379	9312	8705	7565	5660	3293	6183	4891	1942	6057	2578	3617	3367	1845	7355	2434	6258	1204	4603	5364	6392	5584	6008	2388	1408	3619	7391	8192	6498	9216	3587	7436	2532	6999	8704	9820	4055	
8959	6407	2545	5009	8117	4862	7447	1007	1427	1290	3946	8175	6549	3548	8456	6928	2756	4485	4242	7902	5029	2487	7284	5294	8692	9298	4068	9906	5633	7000	2271	7257	4165	8478	8343	1382	1390	7983	1065	2819	6214	9086	1258	9963	3794	9615	7266	3177	6166	7931	4336	2576	9438	1687	1501	2935	3039	7368	9757	4400	6691	2117	1488	3742	
7540	8272	7736	7457	2232	2306	3994	6008	4706	1674	1022	2553	7953	9874	2452	3895	7210	3719	6620	3801	5321	4547	2576	4083	7133	5904	6774	4436	1209	8642	8428	9171	9558	5714	2120	2542	3902	8483	2576	4632	5747	6179	9483	8238	4974	2144	4899	1687	4468	3460	6498	8686	1611	8702	4513	9557	4178	6182	3208	4952	3342	8693	3655	2906	
7937	6575	6819	2480	5140	7398	8701	4761	9165	2660	2300	6310	1116	5572	5586	5612	1016	7798	5108	7634	7711	4174	6051	3633	8706	2615	7656	1688	4254	3473	7669	7345	2727	4115	1598	4948	3951	6615	1926	6005	7461	5994	8765	6612	9344	2164	8703	4570	2482	8474	9768	6899	8618	6981	9940	8564	1001	2398	7371	2161	7822	3977	4089	8283	
1958	1979	2060	7077	9531	8234	1134	8730	2661	9920	8659	1517	5022	8290	3596	3341	2598	2275	7842	6202	9815	2944	9094	8864	2955	3960	8148	8511	5722	5314	4704	7500	4976	1059	6281	9120	6163	5770	7931	7219	6578	1874	8609	7037	2328	2508	2078	6345	4440	8909	7236	9246	4219	3331	1974	7419	9477	7272	6224	4510	8389	6057	8614	7441	
5859	2726	8330	3073	3556	2109	9175	5349	7528	3061	7867	6191	5221	7724	1865	2058	1644	7061	3756	2505	7825	3802	2792	8519	9977	6778	5481	2329	2140	1672	2647	2644	8945	1976	5610	1876	2609	6701	5303	5514	8859	7756	9645	6921	3927	7951	5313	8965	5886	4071	6597	6632	9478	8089	3639	3554	4636	1371	7445	6117	2386	4468	9407	7035	
8848	1701	6909	1164	3694	8840	9383	6823	3776	3459	3388	8604	7986	7761	8753	7292	5227	5262	4995	1374	5750	3140	3448	6447	3818	6038	3696	7797	4956	5321	7705	9608	9051	5762	6215	4358	5537	3768	7363	1953	1841	9391	3730	1071	3603	5750	9015	2693	2605	8910	7315	6744	6052	2183	4759	3339	2136	5912	8828	2918	7045	8491	4922	4625	
6573	9891	8069	3061	3715	9162	6054	3395	5019	4708	8510	1915	2062	8522	4893	8523	8481	2491	6992	6482	3748	1661	6896	2312	9256	4636	5319	5372	2498	1885	7158	4201	5708	8450	2258	7574	9435	7915	5253	1129	6283	6372	4993	8255	1862	2088	7863	5490	4051	9458	1862	8696	1147	1332	7727	1068	7192	1895	3580	8571	7550	6229	1553	8405	
6803	3270	4347	7829	3307	2525	4652	6855	9739	3382	8977	7957	4343	6678	8043	4663	6312	7591	1753	4389	7901	9695	2887	1697	1370	7036	1200	7438	6902	1438	2638	3807	5598	9792	7970	4549	3119	2148	5831	7961	8233	7827	5457	5378	3902	4254	7627	6308	4162	4285	7406	4406	8581	7233	9997	5349	1908	9375	1797	6562	1717	7083	5490	8484	
2553	4430	5597	7908	4676	4254	8802	2740	1503	9961	5293	1746	9991	2910	2156	2279	2190	5656	8360	3374	3720	6175	1933	5291	7608	2597	2417	7106	9192	1418	1337	6769	2600	2108	3647	3683	9085	5286	1520	7818	7299	2972	6618	9104	4541	2560	3330	1818	4313	1748	8819	5658	8913	8229	9091	3271	2740	6073	2943	4235	3643	5597	4263	3505	
1070	8300	6557	7105	3599	5936	9598	7081	5047	7070	5531	9385	4749	3810	2761	3491	3981	9686	3132	3718	2445	3784	3114	2574	5778	6335	9996	1409	1329	7001	6944	8816	5049	8101	5777	2136	5070	2015	1856	5140	5889	7630	5244	1561	2522	7582	3740	9069	1600	5338	7302	2069	5679	6730	1504	6370	4408	3468	9907	2375	2094	1162	7311	8450	
8604	7648	1257	7612	6141	8049	9610	9607	6563	4869	9401	6107	4529	9753	5609	5781	3620	2387	2005	9004	1324	2103	9799	4417	9176	8891	1824	2034	2223	7788	5545	7563	3443	5123	4560	7659	1520	5056	8631	1438	1363	3017	1663	1900	7669	1367	8474	9037	5975	7749	6805	8263	2999	3997	8884	5806	2424	7233	7839	8462	9688	3691	4754	7672	
3802	4570	5115	5767	5932	9465	2124	1374	6068	2470	2649	7295	6851	9388	4419	7354	8411	7397	3411	7521	3437	5639	5922	3949	7979	9889	9301	5046	8852	3459	2630	8875	5110	7464	2805	7748	9741	1105	1910	1097	3337	7678	3555	4714	5430	1147	2306	3217	4702	1638	2834	4367	5689	6393	8119	5618	9532	6504	4149	3080	4863	7792	4792	4530	
7713	3169	5282	6592	4070	3026	7326	9549	8104	8912	6242	6759	3955	2978	4113	9077	1642	2508	6590	5797	9208	7686	2941	9681	3025	7601	8435	6925	8503	8525	2110	4376	8256	1194	9030	4709	1836	7169	9939	6845	6772	1445	9361	3418	9038	7372	5342	9594	8613	3340	2748	9662	5341	4340	9393	5430	9413	4192	6811	8236	9125	4264	4650	6705	
6359	7278	1798	3679	1218	2098	2311	6461	7937	6699	1940	4224	5714	1660	3083	3420	4594	5721	4238	6823	1293	1989	6583	6902	4388	4778	7610	4983	7712	6515	9961	7449	9650	5281	5429	5980	8565	5928	4103	7025	6099	9550	7839	2253	2339	1240	8556	3816	2796	9632	5034	2956	4260	7150	3746	6716	3298	7322	1891	5058	6249	7212	6798	8605	
9101	2552	8767	5910	4272	3329	7551	5261	5541	4545	9015	8733	5622	2074	1135	2864	3273	2748	2404	9712	8621	4731	8215	4572	7442	2028	3266	3875	7983	3957	7959	3223	9901	8558	5553	9969	1984	4712	3251	4950	8021	6464	4359	9491	7839	2855	3846	2522	3972	8737	7438	7352	7365	4001	3547	7138	5498	2277	8620	7940	9995	8899	7374	8445	
4556	9776	4446	9914	4696	9496	4215	4446	4510	5136	2939	2067	4241	4683	5054	2912	7769	3428	2550	1151	8159	5313	1887	6242	4149	8937	8380	5433	8252	3626	9200	7338	1015	7009	3746	4317	9717	7919	2526	9347	6988	5836	8279	3907	6241	7346	5339	6104	2708	5913	6352	7451	5359	9338	8042	7344	5847	1259	3446	4999	3436	4742	4984	1242	
8371	7670	2833	9862	1066	3911	6325	1992	4867	7056	4280	3565	8546	9584	6369	1485	8104	6818	6630	7478	6426	4223	1111	6129	9948	3559	6023	6706	7079	8763	5364	2161	5042	1618	7952	4144	7660	7173	6224	2833	4351	7745	3121	2110	1312	1193	4267	8972	8619	5870	7582	8700	2108	4796	2545	7967	1752	1649	6345	8406	5602	6397	8190	4364	
4321	9481	5882	6448	8119	2909	8794	4458	7260	4322	6919	9721	9305	6761	5974	6407	9248	5726	7083	4066	1088	8284	8781	7152	8327	4422	9074	5670	2992	2144	5299	1381	7621	8128	6083	2138	4598	8276	6393	7536	8718	5520	1716	2243	5070	7412	8806	1612	1059	1296	8809	9660	5219	5253	8159	3703	1405	4410	5934	8071	1286	8519	3543	3402	
4264	3266	3079	5561	7821	8027	3463	9893	4193	5238	9766	5528	9014	2605	6191	4509	6016	3679	6213	4470	2640	6057	4842	6944	9487	1440	9551	5093	7800	6416	2926	6341	4040	5659	2539	2034	7969	9177	8809	2743	2697	6577	1553	9491	7354	7114	8476	4144	2899	1344	9826	2587	1004	1278	4195	6248	9775	2564	1307	8739	8753	5029	4891	5788	
2999	3600	5722	1336	6062	3961	6011	8465	1691	5996	7455	6258	4577	8053	4155	6704	2200	3582	9884	1040	4474	7558	8863	2657	6026	7786	8141	5014	5110	8107	5235	2867	4259	5757	7864	6824	3663	3111	2568	6407	2553	9595	8158	8902	1245	6923	7102	2210	4227	1086	2927	1816	8591	3478	4376	3977	5876	8063	7090	7505	9530	4047	9242	2548	
1158	1388	6266	7110	4376	8678	9005	9837	8408	7411	1937	4214	5178	7928	3994	8616	9833	7211	6664	6944	6151	8538	2042	2386	7785	6695	9060	1842	2817	4731	2316	4420	5902	3123	8035	7766	5959	6332	2478	6559	1644	8943	9508	6772	2405	5545	2034	3287	3828	5769	4866	6228	8301	5062	8363	8170	7646	4805	5281	9194	4481	4980	3189	5496	
7190	9750	6239	4595	9517	6795	8807	8330	9122	4403	4292	6804	7545	3608	3860	8124	5305	7045	7586	5800	5173	5326	7261	2972	5469	1749	2468	8360	7507	1854	4344	7643	4049	9736	6530	5410	9793	9889	5420	9992	7852	8380	3644	1884	6731	6113	9698	1170	2236	8746	7530	3807	6340	9254	3845	7925	2091	1964	8538	1238	1830	7637	7706	6352	
3069	4301	7361	6598	4116	8160	9440	9767	5719	9094	1856	3414	7479	6186	9169	1469	6457	8533	7280	5326	6494	9929	5799	3543	3901	2853	8038	2537	3355	9901	6319	6910	4997	5570	3671	4436	3637	8429	7321	3850	3432	8547	9604	7830	6520	4998	4581	1049	7749	9369	5663	4520	9246	5085	2246	8440	4877	9244	4604	1876	2817	7841	8347	6526	
9813	2922	2929	8840	1261	1868	5561	6165	9753	4274	4501	8242	1050	9265	4809	3970	2762	9210	1508	4450	6872	2404	3080	7674	5768	8758	2304	3116	4354	9991	2825	2821	2689	4482	7993	4509	3827	4385	2396	4837	5728	9548	9814	5723	6883	9454	3547	3573	1413	2573	1017	6760	9161	2748	4279	7107	8467	4982	5303	8029	2970	2313	5862	3752	
1308	5509	9165	3976	2449	3208	2208	3108	1367	7271	6995	1760	5660	1699	7557	5364	3291	6677	4412	1437	1741	4191	4696	1982	8872	1505	6708	7307	2502	3157	4110	9345	2540	1759	8168	7285	6563	4476	9135	2280	4796	5319	9193	7283	1147	9474	7468	1349	4990	2063	7305	4806	6455	9394	5479	2679	3069	4570	9499	4857	4217	5461	7277	4942	
9004	1213	4727	9111	6630	1851	2006	4499	1265	1190	1403	2673	9356	1800	5459	6939	4483	2598	9930	2815	5036	3489	6439	6995	1525	9422	2769	7084	3096	1062	4263	8834	1048	3474	5556	7796	1582	1664	5473	4163	3996	7387	7717	9134	8450	4449	2952	1122	1991	7662	8821	6627	7711	5720	7285	6828	6307	2088	7616	6807	1871	1844	9279	8057	
3972	5075	9173	3589	6286	2438	7980	5523	3167	6711	7211	6197	3010	7617	4429	7046	5828	2204	9573	7679	5757	9531	3149	3864	9029	5740	7950	6815	3097	1099	2058	6288	5900	1563	8893	9929	5162	8715	4010	4016	1032	9600	9762	9307	3607	6252	3503	8620	4056	8379	9871	6927	7041	3294	5107	6194	4749	2199	8127	5760	6802	6383	8876	3833	
1068	8087	9761	2570	3351	2425	5985	7572	2362	7506	5373	7308	6926	2014	8394	3822	7805	8768	6253	9206	9512	2837	6811	6933	3313	4420	9365	5685	3647	3580	1425	2898	9240	7409	8076	2988	6033	8389	5195	4173	5776	5527	6728	2827	4475	7131	5721	3090	3761	3230	9269	4417	4733	5260	3112	2008	6348	7311	5542	7843	5420	8350	9556	3717	
7708	4296	6034	6461	4763	7251	4052	4325	9168	1398	5496	7325	5080	1423	4474	2411	8503	4577	9298	7020	6197	8550	7744	1052	5530	7997	9462	6846	1156	6952	3707	7432	5660	7341	1671	9999	7906	2887	2122	2786	3837	9304	7560	1925	1812	3445	6639	3677	3930	7478	5297	7690	4444	1193	8636	3374	8438	7650	7967	2753	1964	1400	4416	3478	
5725	9694	7032	7262	6617	8717	9535	8855	1779	3067	7412	6448	1905	2691	9309	1268	3680	3641	7509	5528	6773	2223	8059	6723	6806	9176	4199	4609	7751	8576	2303	2364	9401	7335	3528	9735	3444	3209	6249	1208	8797	4211	6008	5154	5355	8555	9152	5836	3268	4636	3562	2722	3780	5629	8336	8126	9413	2829	7729	6394	4954	2742	5606	5316	
6557	4611	2819	4174	2425	4919	4385	9530	5897	8387	5897	8223	3111	9067	3947	2562	2449	7781	8124	3523	7766	8031	1382	7354	5727	2205	3321	6831	4240	7356	8815	1316	7757	6502	9406	1967	6738	6610	4014	2639	5666	7991	7458	7538	9153	4029	3363	3776	6085	2472	6592	2160	6855	7393	8122	2462	3192	8867	9460	6373	5958	7991	1528	2646	
9822	9253	3516	1469	2211	3504	9123	3997	8940	9836	2007	3080	7892	1926	3460	8540	2979	8520	1929	9989	7930	1383	3128	6475	1612	4587	8541	7280	5575	8747	1099	5128	2106	6859	5169	5197	8737	3955	7971	4166	6291	1309	4125	3044	6925	8650	8010	9457	3167	5649	5819	1709	1100	9709	9844	6390	8367	7226	7088	5171	3624	4516	7452	1685	
2902	7036	2889	7163	4239	5080	9939	3264	8963	3182	9383	7739	4567	3821	5601	7571	7645	9344	4339	7229	9808	1847	2161	8452	6061	3339	6801	3787	2693	2510	2345	7425	9487	1637	1185	9138	9202	5348	9695	5998	7632	4188	2409	6913	7166	8451	3628	9910	6377	8744	3995	1889	2642	2297	6748	7191	3906	6891	3445	7460	2569	7821	2596	6761	
